470
0 -4.02 1.01 -9.7
1 3.09 3.43 -5.86
2 3.03 3.48 -5.89
3 3.07 3.45 -5.8
4 -1.6 -3.82 -5.2
5 -1.58 -3.83 -5.21
6 -0.29 -4.61 -15
7 2.57 3.85 -2.9
8 2.58 3.86 -2.88
9 2.58 3.86 -2.89
10 3.17 3.36 -6.21
11 -1.32 -3.92 -5.34
12 -2.74 -3.72 -4.98
13 -2.84 -3.64 -3.62
14 -2.84 -3.64 -3.63
15 -3.4 -3.17 -4.36
16 4.48 1.16 -6.91
17 -2.18 4.12 -6.99
18 -0.169 4.14 -4.8
19 1.89 3.72 -8.27
20 3.35 3.21 -4.72
21 3.24 3.32 -4.6
22 3.23 3.31 -4.61
23 3.22 3.32 -4.57
24 3.2 3.34 -4.62
25 2.96 3.54 -7.51
26 2.76 3.71 -7.97
27 3.22 3.32 -4.57
28 3.28 3.27 -4.62
29 3.28 3.27 -4.63
30 3.28 3.27 -4.6
31 3.24 3.32 -4.56
32 3.23 3.31 -4.57
33 3.19 3.34 -4.73
34 3.27 3.28 -4.55
35 3.27 3.28 -4.56
36 -0.438 4.13 -6.06
37 -0.441 4.14 -6.06
38 0.99 4.04 -6.09
39 2.08 3.65 -5.39
40 1.41 3.89 -5.03
41 2.11 3.64 -4.68
42 1.56 3.83 -4.78
43 1.87 3.72 -4.97
44 1.7 3.8 -5.44
45 1.41 3.89 -5.63
46 1.59 3.82 -6.04
47 2.51 3.91 -7.05
48 -6.94 1.44 -10.6
49 -7.41 1.5 -10.7
50 4.79 5.23 -4.35
51 5.11 5.57 -4.06
52 4.67 5.32 -4.4
53 5.05 5.63 -4.04
54 4.75 5.26 -4.24
55 5.08 5.61 -3.94
56 -2.95 -6.92 -2.83
57 -2.91 -6.94 -2.86
58 -0.528 -7.52 -18.8
59 3.9 5.88 0.306
60 3.89 5.87 0.293
61 5.24 5.42 -4.67
62 -2.26 -6.72 -3.37
63 -2.4 -7.17 -3.06
64 -4.21 -5.65 -3.34
65 -4.27 -5.61 -1.33
66 -4.27 -5.61 -1.33
67 -5.53 -5.11 -2.07
68 7.33 1.79 -5.9
69 7.32 1.78 -5.9
70 -3.55 6.13 -6.19
71 -3.82 6.52 -6.04
72 -0.433 7.05 -2
73 3.39 6.72 -8.14
74 3.4 6.71 -8.14
75 3.39 6.72 -8.14
76 5.48 5.15 -2.18
77 5.3 5.36 -1.97
78 5.31 5.36 -1.95
79 5.28 5.37 -1.88
80 5.25 5.41 -1.97
81 4.63 5.35 -6.97
82 4.2 5.66 -7.72
83 5.28 5.37 -1.88
84 5.39 5.26 -2.01
85 5.39 5.25 -2.05
86 5.39 5.25 -1.97
87 5.39 5.25 -1.98
88 5.31 5.35 -1.89
89 5.25 5.41 -2.19
90 5.26 5.42 -2.19
91 5.36 5.29 -1.86
92 -1.08 7.46 -3.97
93 3.86 5.91 -6.27
94 -10.2 1.91 -11.6
95 6.73 7.29 -2.62
96 6.56 7.44 -2.68
97 6.68 7.33 -2.46
98 -3.92 -9.13 -1.15
99 -3.86 -9.15 -1.18
100 -0.692 -9.93 -22
101 -0.691 -9.92 -22
102 -0.721 -10.4 -22.6
103 5.69 8.7 4.72
104 6.95 7.09 -3.41
105 -3.25 -9.87 -1.16
106 -6.3 -8.28 -1.08
107 -6.18 -8.36 1.82
108 -7.71 -7 0.234
109 -7.71 -6.99 0.235
110 9.64 2.36 -5.07
111 9.65 2.36 -5.07
112 -5.2 8.46 -5.25
113 -0.649 9.92 0.759
114 4.48 8.86 -8.05
115 7.64 7.09 0.365
116 7.65 7.1 0.378
117 7 7.04 0.206
118 7 7.04 0.205
119 6.98 7.05 0.321
120 6.92 7.12 0.194
121 6.62 7.39 -6.34
122 6.62 7.38 -6.34
123 6.16 8.38 -7.38
124 6.98 7.06 0.323
125 6.98 7.06 0.328
126 7.14 6.91 0.161
127 7.16 6.9 0.112
128 6.33 8.26 2.17
129 7.04 7 4.9
130 6.45 8.18 6.89
131 6.89 7.14 9.6
132 7.14 6.91 0.211
133 7.01 7.03 0.311
134 6.95 7.08 -0.121
135 7.09 6.96 0.373
136 -1.69 10.3 -2.21
137 5.79 8.63 -5.19
138 -26.9 4.25 -16.6
139 -27.1 4.29 -16.7
140 18.3 19.5 7.56
141 18.4 19.7 7.7
142 18.1 20.7 7.85
143 18.2 20.9 7.99
144 18.3 19.5 8.03
145 18.4 19.7 8.18
146 -10.8 -24.7 10.7
147 -10.7 -24.7 10.7
148 -10.6 -24.8 10.8
149 -10.8 -24.9 10.8
150 -10.8 -24.7 11
151 -10.7 -24.7 11.1
152 -10.7 -24.7 11.5
153 -10.5 -24.8 10.5
154 -10.6 -25 10.7
155 -0.997 -23.9 -40.4
156 -0.991 -24.2 -40.7
157 -0.907 -27.1 -44.5
158 -0.9 -27.4 -44.9
159 1.39 -49.7 -74.4
160 13.8 22.9 26.3
161 13.9 23.1 26.6
162 14.3 23.7 27.6
163 19.4 18.6 5.46
164 19.6 18.7 5.58
165 -7.26 -26.3 10
166 -7.29 -26.5 10.2
167 -17.7 -20.9 10.3
168 -17.9 -21 10.5
169 -13.5 -20.2 14.9
170 -13.6 -20.4 15.1
171 -18.5 -15 10.8
172 23.1 6.97 -0.12
173 23.3 7.07 -0.0393
174 -13.9 19.2 -0.661
175 -14.2 19.7 -0.477
176 -14.4 19.8 -0.401
177 -1.09 23.6 13.8
178 -1.08 23.8 14.1
179 10.9 21.1 -7.53
180 11 21.3 -7.52
181 18 16.4 12.5
182 18.2 16.5 12.7
183 16.9 17.1 13
184 17.1 17.2 13.2
185 17.1 17.3 13.2
186 17.1 17.3 13.2
187 17.1 16.9 13.3
188 17.3 17.1 13.5
189 16.6 17.3 12.9
190 16.8 17.4 13.1
191 17.4 16.7 -3.17
192 17.6 16.9 -3.12
193 13.4 19.3 -6.03
194 13.8 20.1 -5.94
195 14 20.3 -5.92
196 17.1 17 13.3
197 17.2 17.1 13.5
198 17.2 17.1 13.5
199 17.6 16.6 12.9
200 17.8 16.8 13.2
201 17.7 16.6 12.8
202 17.9 16.7 13
203 17.4 16.7 13.1
204 17.6 16.9 13.3
205 17.1 17 13.3
206 17.2 17.1 13.5
207 17.3 16.8 12.2
208 17.5 17 12.4
209 17.3 16.8 13.5
210 17.4 17 13.7
211 -6.35 26.1 7.91
212 -6.43 26.3 8.05
213 14 18.9 -0.925
214 14.2 19.1 -0.85
215 -32.2 4.98 -18.2
216 -32.4 5.01 -18.3
217 24 25.6 12.7
218 24.2 25.7 12.8
219 23.4 27 12.8
220 23.6 27.2 13
221 24.1 25.5 13.3
222 24.2 25.7 13.4
223 -14.4 -33 17
224 -14.5 -33.2 17.1
225 -14.1 -32.3 16.5
226 -14 -33 16.8
227 -14.1 -33.2 16.9
228 -0.392 -35.7 -55.8
229 -0.412 -35.4 -55.5
230 17.8 30.8 38
231 17.9 31 38.3
232 23.8 22.4 8.54
233 25.9 24.1 9.95
234 26.1 24.2 10.1
235 -8.58 -34.9 15.8
236 -8.62 -35.1 16
237 -24 -26.7 16.1
238 -24.2 -26.8 16.3
239 -17.2 -27.3 22.4
240 -17.3 -27.5 22.6
241 -28.4 -20.7 19.8
242 -28.6 -20.8 20
243 30.2 10.4 2.58
244 30.4 10.5 2.67
245 -20.1 25.8 2.22
246 -20.3 25.9 2.3
247 -0.858 32 21.9
248 -0.855 32.3 22.1
249 16.4 31.3 -7.11
250 16.5 31.5 -7.11
251 23.6 21.4 19.1
252 23.8 21.5 19.3
253 22.7 23.1 20.6
254 22.9 23.3 20.8
255 23.2 22.8 21.1
256 23.4 23 21.3
257 22.3 23.4 20.4
258 22.4 23.6 20.6
259 23.9 21.2 -1.55
260 24.1 21.3 -1.5
261 19.2 29.6 -4.85
262 19.5 30.2 -4.78
263 19.6 30.4 -4.75
264 23.1 22.9 21.1
265 23.2 23 21.3
266 23.4 22 20
267 23.8 22.4 20.6
268 24 22.5 20.8
269 23.5 21.8 19.8
270 24 22.2 20.4
271 23.5 22.6 20.7
272 23.6 22.8 20.9
273 23 22.9 21
274 23.2 23.1 21.2
275 23.2 23.1 21.2
276 23.6 22.5 19.5
277 23.8 22.7 19.8
278 23.3 22.7 21.3
279 23.4 22.9 21.5
280 -9.69 34.4 13.5
281 -9.78 34.6 13.6
282 19.9 25.2 1.77
283 19.8 25 1.69
284 -39.5 5.97 -20.4
285 27.5 29.2 15.8
286 26.1 30.2 15.4
287 26.7 30.9 15.9
288 27.6 29.1 16.5
289 -16.3 -37.3 20.3
290 -15.9 -37.4 20.1
291 0.441 -43.4 -66
292 21 37.7 48.2
293 29.9 27.4 12.7
294 -9.09 -39.3 18.8
295 -27.2 -29.4 19
296 -21.7 -37.5 32.9
297 -36.2 -24.3 26.6
298 39.9 16.4 6.65
299 -28.1 33 5.77
300 0.0646 43.4 32.9
301 18.8 35.5 -6.92
302 32.5 29.1 29.5
303 30.1 31 30.3
304 31 30.2 31.1
305 29.5 31.4 30.2
306 31 25.3 0.384
307 21.7 34.5 -4.26
308 30.8 30.4 31
309 31.8 29.6 30.3
310 32.1 29.3 30
311 32.2 29.3 30
312 31.2 30.1 30.4
313 30.6 30.5 30.9
314 31.9 29.5 29
315 30.9 30.3 31.3
316 -11.8 39 16.7
317 -11.9 38.9 17
318 -11.8 39 16.7
319 28.5 33.1 5.49
320 -47.5 7.03 -22.8
321 33 34.9 20.6
322 31.7 36.9 20.6
323 33.2 34.7 21.5
324 33 34.9 21.3
325 33 34.9 21.6
326 33.2 34.7 21.5
327 -19.3 -44.1 25.5
328 -18.8 -44.2 25.3
329 24.2 45.2 58.9
330 38.5 34.1 18.5
331 -9.68 -47.4 24.1
332 -33.6 -34.5 24.5
333 -24.6 -45.1 40.6
334 -24.6 -45.1 40.6
335 -40.4 -26 30.1
336 -43.3 -27 32.6
337 44.1 19.5 8.54
338 46.4 21.4 9.62
339 -32.4 36.5 7.59
340 -31.7 35.9 7.31
341 1.08 51.1 40.3
342 24.3 45.2 -6.5
343 38.3 34.2 36.4
344 35.9 37.3 38.2
345 35.9 37.3 38.2
346 36.7 35.5 38.3
347 35.1 37.8 37.9
348 38.8 28.9 2.16
349 26.3 44.5 -3.08
350 36.4 35.8 38.2
351 36.4 35.8 38.2
352 37.6 34.9 37.3
353 38.1 34.4 37
354 36.7 35.6 37.5
355 36.1 36 38.1
356 36.8 36.7 39
357 38.1 34.4 35.9
358 36.4 35.8 38.6
359 -15.3 45.6 21.3
360 31.8 35.8 6.86
361 -62.6 8.99 -27.4
362 42.1 45.6 32.2
363 42.1 45.7 36.4
364 42 45.7 35.5
365 41.7 46 34.9
366 42.3 45.5 34.3
367 41.6 45.5 34.2
368 41.5 46.2 34
369 41.5 46.2 31.6
370 42.7 45.1 29.3
371 42.4 44.8 29
372 39.9 47 28.6
373 40.2 47.3 28.8
374 42.9 44.3 30.1
375 43.2 44.6 30.4
376 -23.5 -53.5 32.8
377 -23.6 -53.9 33.1
378 -22.8 -53.8 32.6
379 -22.9 -54.2 32.9
380 4.04 -62.7 -91.7
381 4.14 -63.1 -92.3
382 12.6 -88.9 -128
383 11.8 -84.6 -130
384 17.2 -98.6 -142
385 12.4 -84.3 -144
386 12.3 -83.1 -158
387 11.7 -83.9 -172
388 28.2 56.1 74.3
389 28.3 56.5 74.9
390 38.4 101 135
391 38.1 99.3 135
392 44.2 38.2 22.2
393 44.6 38.5 22.5
394 44.2 38.2 22.2
395 -9.79 -57.7 31
396 -9.78 -58.1 31.3
397 -98.2 -47.8 148
398 -90.9 -59.6 248
399 -88.4 -39.7 208
400 -66.2 -54.5 186
401 -67.1 -58.6 183
402 -82.9 -69.2 169
403 -85.1 -36.3 135
404 -45.4 -42.4 34.2
405 -45.1 -42.2 33.9
406 -42.7 -40.8 32.1
407 -42.4 -40.5 31.7
408 -27.1 -53.1 48.5
409 -27.2 -53.5 49
410 -51.7 -29.5 39.5
411 -52.2 -29.6 39.9
412 55.2 29.9 14
413 55.5 30.2 14.2
414 -43.4 45.3 11.9
415 -43.8 45.5 12.1
416 9.3 77.3 264
417 10.1 68.6 240
418 10.2 68.5 240
419 14.1 64.5 226
420 14.2 64.5 226
421 33.7 72.2 165
422 21.1 62.4 208
423 21.2 62.4 208
424 27.8 64.3 191
425 27.9 64.4 190
426 31.1 67.5 179
427 34.2 77.7 151
428 32.7 83.4 137
429 32.3 84.1 135
430 2.7 60 49
431 2.61 59.6 48.6
432 29.6 54.2 -6.13
433 29.9 54.6 -6.12
434 44.9 39.8 43.9
435 44.9 39.8 44
436 44.5 39.5 43.6
437 43.2 45.5 48.3
438 43.5 45.8 48.7
439 43 41.4 46.3
440 45.7 43.9 49.6
441 43.3 41.7 46.7
442 42.3 46.3 48.1
443 42.6 46.6 48.5
444 53 33.5 5.41
445 53.5 33.6 5.51
446 29.1 51.3 -2.31
447 30.2 54.4 -1.96
448 28.9 50.9 -2.36
449 44.9 44 49.2
450 45.1 44.4 50
451 45 44.5 49.7
452 45.3 44.3 49.6
453 45.3 44.3 49.6
454 43.8 40.4 44.9
455 44.1 40.7 45.3
456 44.4 39.7 44.4
457 44.7 40 44.8
458 45 43.9 48.2
459 45.3 44.2 48.6
460 44.4 44.4 49
461 44.7 44.7 49.4
462 44.6 39.5 43.1
463 44.9 39.7 43.4
464 44.7 44.2 49.6
465 45 44.5 50
466 -20.9 54.6 28
467 -21.2 55 28.3
468 44.3 44.5 11.8
469 44.7 44.8 12
