2202
0 0 73 158
1 11 74 159
2 11 74 160
3 1 75 164
4 2 76 167
5 1 77 164
6 3 78 165
7 3 78 166
8 3 79 165
9 3 79 166
10 2 83 167
11 5 84 170
12 47 84 170
13 5 85 170
14 47 85 170
15 8 89 171
16 9 90 172
17 9 90 173
18 10 91 174
19 6 92 169
20 7 92 169
21 17 93 179
22 12 94 175
23 13 95 176
24 13 95 177
25 14 96 178
26 15 96 178
27 16 97 180
28 16 98 180
29 25 99 190
30 18 100 181
31 18 100 182
32 26 101 191
33 19 102 183
34 19 102 184
35 27 103 192
36 28 103 192
37 20 104 185
38 27 105 192
39 28 105 192
40 21 106 186
41 29 107 187
42 23 108 188
43 23 108 189
44 24 108 188
45 24 108 189
46 25 109 190
47 34 110 221
48 35 111 222
49 36 113 225
50 40 114 195
51 41 114 195
52 37 115 193
53 46 117 198
54 44 118 161
55 44 118 162
56 45 119 163
57 49 122 200
58 50 122 200
59 51 123 201
60 52 124 202
61 53 125 203
62 53 126 203
63 22 127 204
64 54 128 205
65 54 128 206
66 54 129 205
67 54 129 206
68 60 134 211
69 56 135 207
70 56 135 214
71 56 135 215
72 61 135 207
73 62 135 207
74 62 135 214
75 62 135 215
76 56 136 212
77 61 136 212
78 61 136 213
79 57 137 208
80 57 137 209
81 58 137 208
82 58 137 209
83 56 138 207
84 56 138 214
85 56 138 215
86 61 138 207
87 61 138 214
88 61 138 215
89 62 138 207
90 62 138 214
91 62 138 215
92 55 139 210
93 59 140 216
94 33 141 224
95 30 142 217
96 30 142 220
97 33 143 224
98 30 144 217
99 63 145 223
100 31 146 218
101 32 147 219
102 38 148 226
103 38 148 227
104 38 150 226
105 38 150 227
106 67 153 228
107 68 153 228
108 69 153 228
109 70 153 228
110 74 159 258
111 74 159 259
112 74 160 258
113 74 160 259
114 118 161 262
115 118 161 263
116 118 162 262
117 118 162 263
118 119 163 260
119 119 163 261
120 75 164 293
121 75 164 294
122 75 164 303
123 77 164 293
124 77 164 294
125 77 164 303
126 86 164 293
127 86 164 294
128 86 164 303
129 78 165 295
130 78 165 305
131 79 165 295
132 79 165 305
133 78 166 295
134 78 166 305
135 79 166 295
136 79 166 305
137 76 167 334
138 76 167 335
139 76 167 336
140 83 167 334
141 83 167 335
142 83 167 336
143 80 168 306
144 80 168 307
145 92 169 290
146 92 169 291
147 84 170 292
148 84 170 296
149 84 170 297
150 84 170 303
151 84 170 304
152 85 170 292
153 85 170 296
154 85 170 297
155 85 170 303
156 85 170 304
157 89 171 298
158 89 171 299
159 90 172 300
160 90 172 301
161 90 172 302
162 90 173 300
163 90 173 301
164 90 173 302
165 91 174 264
166 91 174 265
167 94 175 266
168 94 175 267
169 94 175 268
170 94 175 269
171 94 175 270
172 94 175 271
173 94 175 280
174 94 175 282
175 97 175 281
176 97 175 283
177 98 175 281
178 98 175 283
179 95 176 272
180 95 176 273
181 95 176 277
182 95 176 279
183 95 177 272
184 95 177 273
185 95 177 277
186 95 177 279
187 96 178 274
188 93 179 272
189 93 179 273
190 93 179 277
191 93 179 279
192 93 179 281
193 97 180 266
194 97 180 267
195 97 180 269
196 97 180 270
197 97 180 276
198 97 180 278
199 97 180 280
200 97 180 282
201 98 180 266
202 98 180 267
203 98 180 269
204 98 180 270
205 98 180 276
206 98 180 278
207 98 180 280
208 98 180 282
209 100 181 321
210 100 182 321
211 102 183 316
212 102 183 321
213 102 183 322
214 102 183 323
215 102 184 316
216 102 184 321
217 102 184 322
218 102 184 323
219 104 185 317
220 104 185 318
221 106 186 319
222 106 186 320
223 107 187 309
224 107 187 310
225 108 188 311
226 108 188 312
227 108 189 311
228 108 189 312
229 99 190 284
230 99 190 285
231 109 190 284
232 109 190 285
233 101 191 313
234 101 191 314
235 103 192 308
236 103 192 315
237 105 192 308
238 105 192 315
239 115 193 324
240 115 193 325
241 112 194 356
242 112 194 357
243 112 194 358
244 114 195 326
245 114 195 327
246 121 196 359
247 121 196 360
248 120 197 361
249 120 197 362
250 120 197 363
251 120 197 364
252 120 197 365
253 117 198 286
254 117 198 287
255 117 198 288
256 117 198 289
257 122 200 390
258 122 200 391
259 123 201 369
260 123 201 370
261 123 201 394
262 123 201 395
263 124 202 366
264 124 202 371
265 125 203 368
266 125 203 392
267 125 203 393
268 126 203 368
269 126 203 392
270 126 203 393
271 127 204 337
272 127 204 338
273 128 205 372
274 128 205 373
275 129 205 372
276 129 205 373
277 128 206 372
278 128 206 373
279 129 206 372
280 129 206 373
281 131 206 372
282 131 206 373
283 135 207 396
284 135 207 397
285 135 207 398
286 135 207 399
287 135 207 400
288 135 207 401
289 135 207 402
290 135 207 405
291 135 207 406
292 135 207 407
293 135 207 408
294 136 207 396
295 136 207 397
296 136 207 398
297 136 207 399
298 136 207 400
299 136 207 401
300 136 207 402
301 136 207 405
302 136 207 406
303 136 207 407
304 136 207 408
305 138 207 396
306 138 207 397
307 138 207 401
308 138 207 402
309 138 207 407
310 138 207 408
311 137 208 398
312 137 208 399
313 137 208 400
314 137 209 398
315 137 209 399
316 137 209 400
317 135 210 403
318 135 210 404
319 136 210 403
320 136 210 404
321 137 210 396
322 137 210 397
323 137 210 401
324 137 210 402
325 137 210 405
326 137 210 406
327 137 210 407
328 137 210 408
329 138 210 398
330 138 210 399
331 138 210 400
332 139 210 396
333 139 210 398
334 139 210 399
335 139 210 400
336 139 210 401
337 139 210 402
338 139 210 405
339 139 210 406
340 139 210 407
341 134 211 374
342 134 211 375
343 135 212 398
344 135 212 399
345 135 212 400
346 135 212 401
347 135 212 402
348 135 212 405
349 136 212 396
350 136 212 397
351 136 212 398
352 136 212 399
353 136 212 400
354 136 212 401
355 136 212 402
356 136 212 405
357 136 212 406
358 136 212 407
359 136 212 408
360 138 212 396
361 138 212 398
362 138 212 399
363 138 212 400
364 138 212 401
365 138 212 402
366 138 212 405
367 135 213 396
368 135 213 398
369 135 213 399
370 135 213 400
371 135 213 401
372 135 213 402
373 135 213 405
374 135 213 406
375 135 213 407
376 136 213 396
377 136 213 397
378 136 213 398
379 136 213 399
380 136 213 400
381 136 213 401
382 136 213 402
383 136 213 405
384 136 213 406
385 136 213 407
386 136 213 408
387 138 213 396
388 138 213 398
389 138 213 399
390 138 213 400
391 138 213 401
392 138 213 402
393 138 213 407
394 135 214 396
395 135 214 397
396 135 214 398
397 135 214 399
398 135 214 400
399 135 214 401
400 135 214 402
401 135 214 405
402 135 214 406
403 135 214 407
404 135 214 408
405 136 214 396
406 136 214 397
407 136 214 398
408 136 214 399
409 136 214 400
410 136 214 401
411 136 214 402
412 136 214 405
413 136 214 406
414 136 214 407
415 136 214 408
416 138 214 396
417 138 214 397
418 138 214 398
419 138 214 399
420 138 214 400
421 138 214 401
422 138 214 402
423 138 214 407
424 138 214 408
425 135 215 396
426 135 215 397
427 135 215 398
428 135 215 399
429 135 215 400
430 135 215 401
431 135 215 402
432 135 215 405
433 135 215 406
434 135 215 407
435 135 215 408
436 136 215 396
437 136 215 397
438 136 215 398
439 136 215 399
440 136 215 400
441 136 215 401
442 136 215 402
443 136 215 405
444 136 215 406
445 136 215 407
446 136 215 408
447 138 215 396
448 138 215 397
449 138 215 398
450 138 215 399
451 138 215 400
452 138 215 401
453 138 215 402
454 138 215 407
455 138 215 408
456 140 216 403
457 142 217 349
458 142 217 350
459 144 217 349
460 147 217 348
461 147 217 384
462 147 217 385
463 146 218 339
464 146 218 351
465 147 219 340
466 147 219 341
467 142 220 349
468 142 220 350
469 144 220 349
470 147 220 348
471 147 220 384
472 147 220 385
473 110 221 344
474 110 221 345
475 111 222 346
476 145 223 376
477 145 223 377
478 145 223 378
479 141 224 342
480 141 224 343
481 143 224 342
482 143 224 343
483 113 225 352
484 113 225 353
485 148 226 354
486 150 226 354
487 148 227 354
488 150 227 354
489 153 228 386
490 153 228 387
491 156 232 409
492 156 232 410
493 157 232 409
494 157 232 410
495 156 234 409
496 156 234 410
497 157 234 409
498 157 234 410
499 156 235 409
500 156 235 410
501 157 235 409
502 157 235 410
503 156 236 409
504 156 236 410
505 157 236 409
506 157 236 410
507 156 237 409
508 156 237 410
509 157 237 409
510 157 237 410
511 158 256 420
512 168 256 420
513 174 256 420
514 158 257 420
515 168 257 420
516 174 257 420
517 159 258 421
518 160 258 421
519 159 259 421
520 160 259 421
521 163 260 438
522 163 260 439
523 163 261 438
524 163 261 439
525 161 262 432
526 161 262 434
527 162 262 432
528 162 262 434
529 161 263 432
530 161 263 434
531 162 263 432
532 162 263 434
533 174 264 443
534 174 265 443
535 175 266 427
536 176 266 425
537 176 266 426
538 177 266 425
539 177 266 426
540 175 267 427
541 176 267 425
542 176 267 426
543 177 267 425
544 177 267 426
545 179 267 425
546 179 267 426
547 175 268 425
548 175 268 426
549 180 268 425
550 180 268 426
551 175 269 427
552 176 269 425
553 176 269 426
554 176 269 428
555 177 269 425
556 177 269 426
557 179 269 425
558 179 269 426
559 180 269 427
560 175 270 427
561 176 270 427
562 176 270 428
563 177 270 427
564 177 270 428
565 180 270 427
566 175 271 427
567 176 271 427
568 176 271 428
569 177 271 427
570 177 271 428
571 180 271 427
572 175 272 455
573 175 272 456
574 175 272 457
575 176 272 455
576 176 272 456
577 177 272 455
578 177 272 456
579 178 272 455
580 178 272 456
581 178 272 457
582 175 273 455
583 175 273 456
584 175 273 457
585 176 273 455
586 176 273 456
587 177 273 455
588 177 273 456
589 178 273 455
590 178 273 456
591 178 273 457
592 159 274 427
593 160 274 427
594 175 274 423
595 175 274 424
596 176 274 423
597 176 274 424
598 177 274 423
599 177 274 424
600 178 274 423
601 178 274 424
602 159 275 428
603 160 275 428
604 175 275 423
605 175 275 424
606 176 275 423
607 176 275 424
608 177 275 423
609 177 275 424
610 178 275 423
611 178 275 424
612 180 276 425
613 180 276 426
614 179 277 429
615 179 277 430
616 180 278 425
617 180 278 426
618 179 279 429
619 179 279 430
620 180 280 425
621 180 280 426
622 179 281 429
623 179 281 430
624 175 282 425
625 175 282 426
626 180 282 425
627 180 282 426
628 179 283 429
629 179 283 430
630 190 284 458
631 190 284 459
632 190 285 458
633 190 285 459
634 198 286 431
635 198 287 431
636 198 288 431
637 198 289 431
638 169 290 460
639 169 290 461
640 169 291 460
641 169 291 461
642 164 292 445
643 164 292 446
644 164 292 447
645 170 292 445
646 170 292 446
647 170 292 447
648 171 292 449
649 171 292 450
650 172 292 449
651 172 292 450
652 173 292 449
653 173 292 450
654 164 293 449
655 164 293 450
656 164 294 449
657 164 294 450
658 165 295 451
659 165 295 452
660 165 295 453
661 165 295 454
662 166 295 451
663 166 295 452
664 166 295 453
665 166 295 454
666 164 296 445
667 164 296 446
668 164 296 447
669 170 296 445
670 170 296 446
671 170 296 447
672 171 296 449
673 171 296 450
674 172 296 449
675 172 296 450
676 173 296 449
677 173 296 450
678 164 297 445
679 164 297 446
680 164 297 447
681 170 297 445
682 170 297 446
683 170 297 447
684 171 297 449
685 171 297 450
686 172 297 449
687 172 297 450
688 173 297 449
689 173 297 450
690 171 298 462
691 171 298 463
692 171 299 462
693 171 299 463
694 171 300 440
695 171 300 441
696 171 300 442
697 172 300 440
698 172 300 441
699 172 300 442
700 172 300 448
701 173 300 440
702 173 300 441
703 173 300 442
704 173 300 448
705 171 301 440
706 171 301 441
707 171 301 442
708 172 301 440
709 172 301 441
710 172 301 442
711 172 301 448
712 173 301 440
713 173 301 441
714 173 301 442
715 173 301 448
716 171 302 440
717 171 302 441
718 171 302 442
719 171 302 448
720 172 302 440
721 172 302 441
722 172 302 442
723 172 302 448
724 173 302 440
725 173 302 441
726 173 302 442
727 173 302 448
728 164 303 445
729 164 303 446
730 164 303 447
731 164 303 449
732 164 303 450
733 170 303 445
734 170 303 446
735 170 303 447
736 164 304 445
737 164 304 446
738 164 304 447
739 170 304 445
740 170 304 446
741 170 304 447
742 171 304 449
743 171 304 450
744 172 304 449
745 172 304 450
746 173 304 449
747 173 304 450
748 165 305 451
749 165 305 452
750 165 305 453
751 165 305 454
752 166 305 451
753 166 305 452
754 166 305 453
755 166 305 454
756 168 306 464
757 168 306 465
758 169 306 464
759 169 306 465
760 168 307 464
761 168 307 465
762 169 307 464
763 169 307 465
764 192 308 480
765 192 308 481
766 187 309 466
767 187 309 467
768 187 310 466
769 187 310 467
770 183 311 474
771 183 311 475
772 183 311 476
773 184 311 474
774 184 311 475
775 184 311 476
776 185 311 468
777 185 311 469
778 188 311 468
779 188 311 469
780 189 311 468
781 189 311 469
782 190 311 477
783 190 311 478
784 190 311 479
785 191 311 468
786 191 311 469
787 183 312 474
788 183 312 475
789 183 312 476
790 184 312 474
791 184 312 475
792 184 312 476
793 185 312 468
794 185 312 469
795 188 312 468
796 188 312 469
797 189 312 468
798 189 312 469
799 190 312 477
800 190 312 478
801 190 312 479
802 191 312 468
803 191 312 469
804 191 313 470
805 192 313 470
806 191 314 470
807 192 314 470
808 192 314 471
809 192 314 472
810 192 315 480
811 192 315 481
812 183 316 473
813 183 316 484
814 184 316 473
815 184 316 484
816 185 316 473
817 185 316 482
818 185 316 483
819 188 316 473
820 188 316 482
821 188 316 483
822 188 316 484
823 189 316 473
824 189 316 482
825 189 316 483
826 189 316 484
827 191 316 473
828 191 316 482
829 191 316 483
830 191 316 484
831 183 317 480
832 183 317 481
833 184 317 480
834 184 317 481
835 185 317 474
836 185 317 475
837 185 317 476
838 186 317 468
839 188 317 474
840 188 317 475
841 189 317 475
842 190 317 479
843 192 317 474
844 192 317 475
845 192 317 476
846 183 318 480
847 183 318 481
848 184 318 480
849 184 318 481
850 185 318 474
851 185 318 475
852 185 318 476
853 188 318 474
854 188 318 475
855 188 318 476
856 189 318 474
857 189 318 475
858 190 318 477
859 190 318 478
860 190 318 479
861 192 318 474
862 192 318 475
863 192 318 476
864 186 319 477
865 186 319 478
866 186 319 479
867 186 320 477
868 186 320 478
869 186 320 479
870 181 321 473
871 181 321 482
872 181 321 483
873 181 321 484
874 182 321 473
875 182 321 482
876 182 321 483
877 182 321 484
878 181 322 473
879 181 322 482
880 181 322 483
881 181 322 484
882 182 322 473
883 182 322 482
884 182 322 483
885 182 322 484
886 183 323 473
887 183 323 484
888 184 323 473
889 184 323 484
890 185 323 473
891 185 323 482
892 185 323 483
893 188 323 473
894 188 323 482
895 188 323 483
896 188 323 484
897 189 323 473
898 189 323 482
899 189 323 483
900 189 323 484
901 191 323 473
902 191 323 482
903 191 323 483
904 191 323 484
905 193 324 503
906 193 324 505
907 193 325 503
908 193 325 505
909 195 326 485
910 195 326 486
911 195 327 485
912 195 327 486
913 199 328 487
914 199 328 488
915 199 329 487
916 199 329 488
917 199 330 487
918 199 330 488
919 199 331 487
920 199 331 488
921 199 332 487
922 199 332 488
923 199 333 487
924 199 333 488
925 167 334 489
926 167 334 490
927 167 335 489
928 167 335 490
929 167 336 489
930 167 336 490
931 204 337 515
932 204 337 516
933 204 338 515
934 204 338 516
935 218 339 520
936 219 340 491
937 219 340 492
938 222 340 491
939 222 340 492
940 219 341 491
941 219 341 492
942 222 341 491
943 222 341 492
944 224 342 522
945 224 343 522
946 221 344 493
947 221 344 494
948 221 344 495
949 221 345 493
950 221 345 494
951 221 345 495
952 222 346 496
953 222 346 497
954 222 347 496
955 222 347 497
956 217 349 518
957 219 349 518
958 219 349 519
959 220 349 518
960 222 349 518
961 222 349 519
962 217 350 518
963 219 350 518
964 219 350 519
965 220 350 518
966 222 350 518
967 222 350 519
968 218 351 520
969 225 352 499
970 225 352 501
971 225 353 499
972 225 353 501
973 226 354 498
974 226 354 500
975 226 354 502
976 226 354 507
977 226 354 508
978 226 354 524
979 226 354 528
980 226 354 529
981 226 354 530
982 227 354 498
983 227 354 500
984 227 354 502
985 227 354 507
986 227 354 508
987 227 354 524
988 227 354 528
989 227 354 529
990 227 354 530
991 226 355 498
992 226 355 500
993 226 355 502
994 226 355 507
995 226 355 508
996 226 355 524
997 226 355 528
998 226 355 529
999 226 355 530
1000 227 355 498
1001 227 355 500
1002 227 355 502
1003 227 355 507
1004 227 355 508
1005 227 355 524
1006 227 355 528
1007 227 355 529
1008 227 355 530
1009 197 361 511
1010 197 361 512
1011 232 361 487
1012 232 361 488
1013 233 361 487
1014 233 361 488
1015 234 361 487
1016 234 361 488
1017 235 361 487
1018 235 361 488
1019 236 361 487
1020 236 361 488
1021 237 361 487
1022 237 361 488
1023 197 362 511
1024 197 362 512
1025 232 362 487
1026 232 362 488
1027 233 362 487
1028 233 362 488
1029 234 362 487
1030 234 362 488
1031 235 362 487
1032 235 362 488
1033 236 362 487
1034 236 362 488
1035 237 362 487
1036 237 362 488
1037 197 363 511
1038 197 363 512
1039 197 364 511
1040 197 364 512
1041 197 365 511
1042 197 365 512
1043 202 366 513
1044 202 366 514
1045 203 367 533
1046 203 367 534
1047 203 368 533
1048 203 368 534
1049 201 369 535
1050 201 369 536
1051 201 370 535
1052 201 370 536
1053 202 371 513
1054 202 371 514
1055 205 372 538
1056 206 372 538
1057 205 373 538
1058 206 373 538
1059 211 374 539
1060 211 374 540
1061 216 374 539
1062 216 374 540
1063 211 375 539
1064 211 375 540
1065 216 375 539
1066 216 375 540
1067 223 376 541
1068 223 376 542
1069 223 377 541
1070 223 377 542
1071 223 378 541
1072 223 378 542
1073 228 386 525
1074 228 386 527
1075 228 387 525
1076 228 387 527
1077 200 390 544
1078 200 391 544
1079 203 392 533
1080 203 392 534
1081 203 393 533
1082 203 393 534
1083 201 394 535
1084 201 394 536
1085 201 395 535
1086 201 395 536
1087 207 396 546
1088 207 396 547
1089 207 396 548
1090 207 396 549
1091 207 396 551
1092 207 396 554
1093 208 396 546
1094 208 396 547
1095 208 396 548
1096 208 396 549
1097 208 396 551
1098 208 396 552
1099 208 396 553
1100 208 396 554
1101 209 396 548
1102 209 396 549
1103 209 396 551
1104 209 396 552
1105 209 396 553
1106 209 396 554
1107 210 396 546
1108 210 396 547
1109 210 396 548
1110 210 396 549
1111 210 396 551
1112 210 396 552
1113 210 396 553
1114 210 396 554
1115 212 396 546
1116 212 396 547
1117 212 396 548
1118 212 396 549
1119 212 396 551
1120 212 396 552
1121 212 396 553
1122 212 396 554
1123 213 396 546
1124 213 396 547
1125 213 396 548
1126 213 396 549
1127 213 396 551
1128 213 396 552
1129 213 396 553
1130 213 396 554
1131 214 396 546
1132 214 396 547
1133 214 396 548
1134 214 396 549
1135 214 396 551
1136 214 396 554
1137 215 396 546
1138 215 396 547
1139 215 396 548
1140 215 396 549
1141 215 396 551
1142 215 396 554
1143 207 397 546
1144 207 397 547
1145 207 397 548
1146 207 397 549
1147 207 397 551
1148 207 397 554
1149 208 397 546
1150 208 397 547
1151 208 397 548
1152 208 397 549
1153 208 397 551
1154 208 397 552
1155 208 397 553
1156 208 397 554
1157 209 397 548
1158 209 397 549
1159 209 397 551
1160 209 397 552
1161 209 397 553
1162 209 397 554
1163 210 397 546
1164 210 397 547
1165 210 397 548
1166 210 397 549
1167 210 397 551
1168 210 397 552
1169 210 397 553
1170 210 397 554
1171 212 397 546
1172 212 397 547
1173 212 397 548
1174 212 397 549
1175 212 397 551
1176 212 397 552
1177 212 397 553
1178 212 397 554
1179 213 397 546
1180 213 397 547
1181 213 397 548
1182 213 397 549
1183 213 397 551
1184 213 397 552
1185 213 397 553
1186 213 397 554
1187 214 397 546
1188 214 397 547
1189 214 397 548
1190 214 397 549
1191 214 397 551
1192 214 397 554
1193 215 397 546
1194 215 397 547
1195 215 397 548
1196 215 397 549
1197 215 397 551
1198 215 397 554
1199 208 398 545
1200 208 398 550
1201 209 398 545
1202 209 398 550
1203 208 399 545
1204 208 399 550
1205 209 399 545
1206 209 399 550
1207 208 400 545
1208 208 400 550
1209 209 400 545
1210 209 400 550
1211 207 401 545
1212 207 401 546
1213 208 401 546
1214 208 401 547
1215 208 401 548
1216 208 401 551
1217 208 401 554
1218 209 401 546
1219 209 401 547
1220 209 401 548
1221 209 401 551
1222 209 401 554
1223 210 401 546
1224 210 401 547
1225 210 401 554
1226 211 401 551
1227 211 401 552
1228 211 401 553
1229 211 401 554
1230 212 401 546
1231 212 401 547
1232 213 401 546
1233 213 401 547
1234 214 401 546
1235 215 401 546
1236 207 402 546
1237 208 402 546
1238 208 402 547
1239 208 402 548
1240 208 402 551
1241 208 402 554
1242 209 402 546
1243 209 402 547
1244 209 402 548
1245 209 402 551
1246 209 402 554
1247 210 402 546
1248 210 402 547
1249 210 402 554
1250 211 402 551
1251 211 402 552
1252 211 402 553
1253 211 402 554
1254 212 402 546
1255 212 402 547
1256 213 402 546
1257 213 402 547
1258 214 402 546
1259 215 402 546
1260 211 403 555
1261 211 403 556
1262 211 403 557
1263 216 403 555
1264 211 404 555
1265 211 404 556
1266 211 404 557
1267 216 404 555
1268 207 405 558
1269 207 405 559
1270 207 405 560
1271 208 405 545
1272 208 405 558
1273 208 405 559
1274 208 405 560
1275 209 405 545
1276 209 405 558
1277 209 405 559
1278 209 405 560
1279 210 405 545
1280 210 405 550
1281 210 405 558
1282 210 405 559
1283 210 405 560
1284 211 405 546
1285 211 405 547
1286 211 405 548
1287 211 405 549
1288 212 405 545
1289 212 405 550
1290 212 405 558
1291 212 405 559
1292 212 405 560
1293 213 405 558
1294 213 405 559
1295 213 405 560
1296 214 405 558
1297 214 405 559
1298 214 405 560
1299 215 405 558
1300 215 405 559
1301 215 405 560
1302 216 405 546
1303 216 405 547
1304 216 405 548
1305 216 405 549
1306 207 406 558
1307 207 406 559
1308 207 406 560
1309 208 406 545
1310 208 406 558
1311 208 406 559
1312 208 406 560
1313 209 406 545
1314 209 406 558
1315 209 406 559
1316 209 406 560
1317 210 406 545
1318 210 406 550
1319 210 406 558
1320 210 406 559
1321 210 406 560
1322 211 406 546
1323 211 406 547
1324 211 406 548
1325 211 406 549
1326 212 406 558
1327 212 406 559
1328 212 406 560
1329 213 406 558
1330 213 406 559
1331 213 406 560
1332 214 406 558
1333 214 406 559
1334 214 406 560
1335 215 406 558
1336 215 406 559
1337 215 406 560
1338 216 406 546
1339 216 406 547
1340 216 406 548
1341 216 406 549
1342 207 407 551
1343 207 407 554
1344 208 407 551
1345 208 407 552
1346 208 407 553
1347 208 407 554
1348 209 407 551
1349 209 407 552
1350 209 407 553
1351 209 407 554
1352 210 407 551
1353 210 407 554
1354 212 407 551
1355 212 407 554
1356 213 407 551
1357 213 407 554
1358 214 407 551
1359 214 407 554
1360 215 407 551
1361 215 407 554
1362 207 408 551
1363 207 408 554
1364 208 408 551
1365 208 408 552
1366 208 408 553
1367 208 408 554
1368 209 408 551
1369 209 408 552
1370 209 408 553
1371 209 408 554
1372 210 408 551
1373 210 408 554
1374 212 408 551
1375 212 408 554
1376 213 408 551
1377 213 408 554
1378 214 408 551
1379 214 408 554
1380 215 408 551
1381 215 408 554
1382 256 420 756
1383 256 420 757
1384 257 420 756
1385 257 420 757
1386 258 421 746
1387 258 421 747
1388 258 421 748
1389 259 421 746
1390 259 421 747
1391 259 421 748
1392 258 422 746
1393 258 422 747
1394 258 422 748
1395 259 422 746
1396 259 422 747
1397 259 422 748
1398 274 423 763
1399 274 423 764
1400 275 423 763
1401 275 423 764
1402 274 424 763
1403 274 424 764
1404 275 424 763
1405 275 424 764
1406 268 425 771
1407 268 425 775
1408 268 425 776
1409 276 425 771
1410 276 425 775
1411 276 425 776
1412 278 425 771
1413 278 425 775
1414 278 425 776
1415 280 425 771
1416 280 425 775
1417 280 425 776
1418 282 425 771
1419 282 425 775
1420 282 425 776
1421 268 426 771
1422 268 426 775
1423 268 426 776
1424 276 426 771
1425 276 426 775
1426 276 426 776
1427 278 426 771
1428 278 426 775
1429 278 426 776
1430 280 426 771
1431 280 426 775
1432 280 426 776
1433 282 426 771
1434 282 426 775
1435 282 426 776
1436 266 427 771
1437 266 427 772
1438 267 427 771
1439 267 427 772
1440 269 427 771
1441 269 427 772
1442 270 427 771
1443 270 427 772
1444 271 427 771
1445 271 427 772
1446 266 428 771
1447 266 428 772
1448 267 428 771
1449 267 428 772
1450 269 428 771
1451 269 428 772
1452 270 428 771
1453 270 428 772
1454 271 428 771
1455 271 428 772
1456 277 429 769
1457 277 429 770
1458 279 429 769
1459 279 429 770
1460 281 429 769
1461 281 429 770
1462 283 429 769
1463 283 429 770
1464 277 430 769
1465 277 430 770
1466 279 430 769
1467 279 430 770
1468 281 430 769
1469 281 430 770
1470 283 430 769
1471 283 430 770
1472 286 431 777
1473 286 431 778
1474 287 431 777
1475 287 431 778
1476 288 431 777
1477 288 431 778
1478 289 431 777
1479 289 431 778
1480 262 432 765
1481 262 432 766
1482 263 432 765
1483 263 432 766
1484 286 433 777
1485 286 433 778
1486 287 433 777
1487 287 433 778
1488 288 433 777
1489 288 433 778
1490 289 433 777
1491 289 433 778
1492 262 434 765
1493 262 434 766
1494 263 434 765
1495 263 434 766
1496 286 435 777
1497 286 435 778
1498 287 435 777
1499 287 435 778
1500 288 435 777
1501 288 435 778
1502 289 435 777
1503 289 435 778
1504 260 436 761
1505 261 436 761
1506 260 438 761
1507 261 438 761
1508 260 439 761
1509 261 439 761
1510 300 440 790
1511 300 440 791
1512 301 440 790
1513 301 440 791
1514 302 440 790
1515 302 440 791
1516 300 441 790
1517 300 441 791
1518 301 441 790
1519 301 441 791
1520 302 441 790
1521 302 441 791
1522 300 442 790
1523 300 442 791
1524 301 442 790
1525 301 442 791
1526 302 442 790
1527 302 442 791
1528 264 443 767
1529 264 443 768
1530 265 443 767
1531 265 443 768
1532 264 444 767
1533 264 444 768
1534 265 444 767
1535 265 444 768
1536 292 445 786
1537 292 445 787
1538 293 445 786
1539 293 445 787
1540 294 445 786
1541 294 445 787
1542 296 445 786
1543 296 445 787
1544 303 445 786
1545 303 445 787
1546 304 445 786
1547 304 445 787
1548 292 446 786
1549 292 446 787
1550 293 446 786
1551 293 446 787
1552 294 446 786
1553 294 446 787
1554 296 446 786
1555 296 446 787
1556 303 446 786
1557 303 446 787
1558 304 446 786
1559 304 446 787
1560 292 447 786
1561 292 447 787
1562 293 447 786
1563 293 447 787
1564 294 447 786
1565 294 447 787
1566 296 447 786
1567 296 447 787
1568 303 447 786
1569 303 447 787
1570 304 447 786
1571 304 447 787
1572 300 448 790
1573 300 448 791
1574 301 448 790
1575 301 448 791
1576 302 448 790
1577 302 448 791
1578 293 449 805
1579 293 449 807
1580 293 449 808
1581 293 449 809
1582 294 449 805
1583 294 449 807
1584 294 449 808
1585 294 449 809
1586 303 449 805
1587 303 449 807
1588 303 449 808
1589 303 449 809
1590 293 450 805
1591 293 450 807
1592 293 450 808
1593 293 450 809
1594 294 450 805
1595 294 450 807
1596 294 450 808
1597 294 450 809
1598 303 450 805
1599 303 450 807
1600 303 450 808
1601 303 450 809
1602 295 451 789
1603 295 451 790
1604 305 451 789
1605 305 451 790
1606 295 452 789
1607 295 452 790
1608 305 452 789
1609 305 452 790
1610 295 453 789
1611 295 453 790
1612 305 453 789
1613 305 453 790
1614 295 454 789
1615 295 454 790
1616 305 454 789
1617 305 454 790
1618 272 455 769
1619 272 455 770
1620 272 455 773
1621 272 455 774
1622 273 455 769
1623 273 455 770
1624 273 455 773
1625 273 455 774
1626 272 456 769
1627 272 456 770
1628 272 456 773
1629 272 456 774
1630 273 456 769
1631 273 456 770
1632 273 456 773
1633 273 456 774
1634 272 457 769
1635 272 457 770
1636 272 457 773
1637 272 457 774
1638 273 457 769
1639 273 457 770
1640 273 457 773
1641 273 457 774
1642 284 458 783
1643 284 458 784
1644 285 458 783
1645 285 458 784
1646 284 459 783
1647 284 459 784
1648 285 459 783
1649 285 459 784
1650 290 460 810
1651 290 460 815
1652 290 460 819
1653 291 460 810
1654 291 460 815
1655 291 460 819
1656 290 461 810
1657 290 461 815
1658 290 461 819
1659 291 461 810
1660 291 461 815
1661 291 461 819
1662 298 462 804
1663 298 462 806
1664 299 462 804
1665 299 462 806
1666 298 463 804
1667 298 463 806
1668 299 463 804
1669 299 463 806
1670 306 464 820
1671 306 464 821
1672 307 464 820
1673 307 464 821
1674 306 465 820
1675 306 465 821
1676 307 465 820
1677 307 465 821
1678 309 466 834
1679 309 466 835
1680 309 466 836
1681 310 466 834
1682 310 466 835
1683 310 466 836
1684 309 467 834
1685 309 467 835
1686 309 467 836
1687 310 467 834
1688 310 467 835
1689 310 467 836
1690 317 468 822
1691 317 468 823
1692 317 468 824
1693 318 468 822
1694 318 468 823
1695 318 468 824
1696 321 468 832
1697 321 468 833
1698 317 469 822
1699 317 469 823
1700 317 469 824
1701 318 469 822
1702 318 469 823
1703 318 469 824
1704 321 469 832
1705 321 469 833
1706 322 469 832
1707 322 469 833
1708 311 470 829
1709 312 470 829
1710 313 470 822
1711 313 470 823
1712 313 470 824
1713 314 470 822
1714 314 470 823
1715 314 470 824
1716 311 471 829
1717 312 471 829
1718 313 471 822
1719 313 471 823
1720 313 471 824
1721 314 471 822
1722 314 471 823
1723 314 471 824
1724 312 472 829
1725 313 472 822
1726 313 472 823
1727 313 472 824
1728 314 472 822
1729 314 472 823
1730 314 472 824
1731 316 473 799
1732 316 473 800
1733 316 473 801
1734 323 473 799
1735 323 473 800
1736 323 473 801
1737 317 474 830
1738 317 474 831
1739 318 474 830
1740 318 474 831
1741 317 475 830
1742 317 475 831
1743 318 475 830
1744 318 475 831
1745 317 476 830
1746 317 476 831
1747 318 476 830
1748 318 476 831
1749 308 480 825
1750 308 480 826
1751 308 480 827
1752 308 480 828
1753 315 480 825
1754 315 480 826
1755 315 480 827
1756 315 480 828
1757 308 481 825
1758 308 481 826
1759 308 481 827
1760 308 481 828
1761 313 481 832
1762 313 481 833
1763 315 481 825
1764 315 481 826
1765 315 481 827
1766 315 481 828
1767 321 482 797
1768 321 482 798
1769 322 482 797
1770 322 482 798
1771 321 483 797
1772 321 483 798
1773 322 483 797
1774 322 483 798
1775 316 484 799
1776 316 484 800
1777 316 484 801
1778 323 484 799
1779 323 484 800
1780 323 484 801
1781 326 485 837
1782 326 485 838
1783 327 485 837
1784 327 485 838
1785 326 486 837
1786 326 486 838
1787 327 486 837
1788 327 486 838
1789 328 487 839
1790 328 487 840
1791 329 487 839
1792 329 487 840
1793 330 487 839
1794 330 487 840
1795 331 487 839
1796 331 487 840
1797 332 487 839
1798 332 487 840
1799 333 487 839
1800 333 487 840
1801 328 488 839
1802 328 488 840
1803 329 488 839
1804 329 488 840
1805 330 488 839
1806 330 488 840
1807 331 488 839
1808 331 488 840
1809 332 488 839
1810 332 488 840
1811 333 488 839
1812 333 488 840
1813 334 489 850
1814 334 489 851
1815 335 489 850
1816 335 489 851
1817 336 489 850
1818 336 489 851
1819 334 490 850
1820 334 490 851
1821 335 490 850
1822 335 490 851
1823 336 490 850
1824 336 490 851
1825 340 491 865
1826 340 491 866
1827 341 491 865
1828 341 491 866
1829 340 492 865
1830 340 492 866
1831 341 492 865
1832 341 492 866
1833 344 493 859
1834 344 493 860
1835 345 493 859
1836 345 493 860
1837 344 494 859
1838 344 494 860
1839 345 494 859
1840 345 494 860
1841 344 495 859
1842 344 495 860
1843 345 495 859
1844 345 495 860
1845 346 496 861
1846 347 496 861
1847 346 497 861
1848 347 497 861
1849 354 498 867
1850 354 498 868
1851 355 498 867
1852 355 498 868
1853 352 499 869
1854 353 499 869
1855 354 499 837
1856 354 499 838
1857 354 500 867
1858 354 500 868
1859 355 500 867
1860 355 500 868
1861 352 501 869
1862 353 501 869
1863 354 501 837
1864 354 501 838
1865 355 501 837
1866 355 501 838
1867 354 502 867
1868 354 502 868
1869 355 502 867
1870 355 502 868
1871 324 503 841
1872 324 503 842
1873 325 503 841
1874 325 503 843
1875 356 504 846
1876 356 504 847
1877 357 504 846
1878 357 504 847
1879 358 504 846
1880 358 504 847
1881 324 505 841
1882 324 505 842
1883 325 505 841
1884 325 505 842
1885 356 506 846
1886 356 506 847
1887 357 506 846
1888 357 506 847
1889 358 506 846
1890 358 506 847
1891 363 511 854
1892 363 511 855
1893 364 511 854
1894 364 511 855
1895 365 511 854
1896 365 511 855
1897 365 511 856
1898 363 512 854
1899 364 512 854
1900 364 512 855
1901 365 512 854
1902 365 512 855
1903 366 513 881
1904 371 513 881
1905 366 514 881
1906 371 514 881
1907 337 515 875
1908 337 515 876
1909 338 515 875
1910 338 515 876
1911 337 516 875
1912 337 516 876
1913 338 516 875
1914 338 516 876
1915 349 518 878
1916 349 518 879
1917 350 518 878
1918 350 518 879
1919 349 519 878
1920 349 519 879
1921 350 519 878
1922 350 519 879
1923 339 520 863
1924 339 520 864
1925 351 520 863
1926 351 520 864
1927 339 521 863
1928 339 521 864
1929 351 521 863
1930 351 521 864
1931 342 522 877
1932 343 522 877
1933 342 523 877
1934 343 523 877
1935 354 528 867
1936 354 528 868
1937 355 528 867
1938 355 528 868
1939 354 529 867
1940 354 529 868
1941 355 529 867
1942 355 529 868
1943 367 533 894
1944 367 533 895
1945 368 533 894
1946 368 533 895
1947 392 533 894
1948 392 533 895
1949 393 533 894
1950 393 533 895
1951 367 534 894
1952 367 534 895
1953 368 534 894
1954 368 534 895
1955 392 534 894
1956 392 534 895
1957 393 534 894
1958 393 534 895
1959 369 535 883
1960 369 535 884
1961 370 535 883
1962 370 535 884
1963 394 535 883
1964 394 535 884
1965 395 535 883
1966 395 535 884
1967 369 536 883
1968 369 536 884
1969 370 536 883
1970 370 536 884
1971 394 536 883
1972 394 536 884
1973 395 536 883
1974 395 536 884
1975 374 539 885
1976 375 539 885
1977 374 540 885
1978 375 540 885
1979 376 541 887
1980 376 541 888
1981 376 541 889
1982 376 541 890
1983 376 541 891
1984 377 541 887
1985 377 541 888
1986 377 541 889
1987 377 541 890
1988 377 541 891
1989 378 541 887
1990 378 541 888
1991 378 541 889
1992 378 541 890
1993 378 541 891
1994 376 542 887
1995 376 542 888
1996 376 542 889
1997 376 542 890
1998 376 542 891
1999 377 542 887
2000 377 542 888
2001 377 542 889
2002 377 542 890
2003 377 542 891
2004 378 542 887
2005 378 542 888
2006 378 542 889
2007 378 542 890
2008 378 542 891
2009 390 543 913
2010 391 543 913
2011 390 544 913
2012 391 544 913
2013 374 545 914
2014 374 545 915
2015 374 545 916
2016 374 545 917
2017 374 545 919
2018 374 545 920
2019 375 545 914
2020 375 545 915
2021 375 545 916
2022 375 545 917
2023 375 545 919
2024 375 545 920
2025 398 545 897
2026 398 545 898
2027 399 545 897
2028 399 545 898
2029 400 545 897
2030 400 545 898
2031 396 546 918
2032 397 546 918
2033 401 546 918
2034 401 546 919
2035 401 546 920
2036 402 546 918
2037 402 546 919
2038 402 546 920
2039 396 547 918
2040 397 547 918
2041 398 547 915
2042 399 547 915
2043 401 547 918
2044 401 547 919
2045 401 547 920
2046 402 547 918
2047 402 547 919
2048 402 547 920
2049 396 548 914
2050 396 548 915
2051 396 548 916
2052 396 548 917
2053 396 548 918
2054 396 548 919
2055 396 548 920
2056 397 548 914
2057 397 548 915
2058 397 548 916
2059 397 548 917
2060 397 548 918
2061 397 548 919
2062 397 548 920
2063 401 548 914
2064 401 548 915
2065 401 548 916
2066 401 548 917
2067 401 548 918
2068 401 548 919
2069 401 548 920
2070 402 548 914
2071 402 548 915
2072 402 548 916
2073 402 548 917
2074 402 548 918
2075 402 548 919
2076 402 548 920
2077 407 548 916
2078 407 548 917
2079 408 548 916
2080 408 548 917
2081 396 549 914
2082 396 549 915
2083 396 549 916
2084 396 549 917
2085 396 549 918
2086 396 549 919
2087 396 549 920
2088 397 549 914
2089 397 549 915
2090 397 549 916
2091 397 549 917
2092 397 549 918
2093 397 549 919
2094 397 549 920
2095 401 549 914
2096 401 549 915
2097 401 549 916
2098 401 549 917
2099 401 549 918
2100 401 549 919
2101 401 549 920
2102 402 549 914
2103 402 549 915
2104 402 549 916
2105 402 549 917
2106 402 549 918
2107 402 549 919
2108 402 549 920
2109 407 549 916
2110 407 549 917
2111 408 549 916
2112 408 549 917
2113 374 550 914
2114 374 550 915
2115 374 550 916
2116 374 550 917
2117 374 550 919
2118 374 550 920
2119 375 550 914
2120 375 550 915
2121 375 550 916
2122 375 550 917
2123 375 550 920
2124 398 550 897
2125 398 550 898
2126 399 550 897
2127 399 550 898
2128 400 550 897
2129 400 550 898
2130 396 551 914
2131 397 551 914
2132 407 551 914
2133 407 551 915
2134 407 551 917
2135 407 551 918
2136 407 551 919
2137 408 551 914
2138 408 551 915
2139 408 551 917
2140 408 551 918
2141 408 551 919
2142 396 552 914
2143 397 552 914
2144 407 552 914
2145 407 552 915
2146 407 552 917
2147 407 552 918
2148 407 552 919
2149 408 552 914
2150 408 552 915
2151 408 552 917
2152 408 552 918
2153 408 552 919
2154 396 553 914
2155 397 553 914
2156 407 553 914
2157 407 553 915
2158 407 553 917
2159 407 553 918
2160 407 553 919
2161 408 553 914
2162 408 553 915
2163 408 553 917
2164 408 553 918
2165 408 553 919
2166 403 555 901
2167 403 555 902
2168 404 555 901
2169 404 555 902
2170 403 556 901
2171 403 556 902
2172 404 556 901
2173 404 556 902
2174 403 557 901
2175 403 557 902
2176 404 557 901
2177 404 557 902
2178 405 558 899
2179 405 558 900
2180 406 558 899
2181 406 558 900
2182 405 559 899
2183 405 559 900
2184 406 559 899
2185 406 559 900
2186 405 560 899
2187 405 560 900
2188 406 560 899
2189 406 560 900
2190 409 561 904
2191 409 561 905
2192 410 561 904
2193 410 561 905
2194 409 562 904
2195 409 562 905
2196 410 562 904
2197 410 562 905
2198 409 563 904
2199 409 563 905
2200 410 563 904
2201 410 563 905
